bbs0 = 0.0422867 C 
bbs1 = -0.000112601 C 
bbs2 = 1.06656e-07 C 
bbdues0 = 0.0225092 C 
bbdues1 = -0.000114655 C 
bbdues2 = 1.71099e-07 C 
fexps0 = 0.36059 C 
fexps1 = -0.00203611 C 
fexps2 = 3.32894e-06 C 
Ts0 = 0.153605 C 
Ts1 = -0.000955024 C 
Ts2 = 1.97573e-06 C 
ns0 = 0.733 C 
ns1 = 0. C 
ns2 = 0. C 
ms = 1803.8 C 
ndues = 0.95 C 
