bbs0 = 0.0427859 C 
bbs1 = -0.000133483 C 
bbs2 = 1.52743e-07 C 
bbdues0 = 0.0147218 C 
bbdues1 = -6.22596e-05 C 
bbdues2 = 6.82301e-08 C 
fexps0 = 0.227511 C 
fexps1 = -0.000943069 C 
fexps2 = 1.18386e-06 C 
Ts0 = -0.0810789 C 
Ts1 = 0.00115829 C 
Ts2 = -1.6607e-06 C 
ns0 = 0.733 C 
ns1 = 0. C 
ns2 = 0. C 
ms = 1803.8 C 
ndues = 0.95 C 
