bb0 = 0.0512004 C 
bb1 = -0.000144835 C 
bb2 = 1.61337e-07 C 
T0 = 0.0071211 C 
T1 = 0.000341056 C 
T2 = -3.11719e-07 C 
n0 = 1.26945 C 
n1 = -0.000111068 C 
n2 = 3.53192e-07 C 
m = 54.47 C 
ndue = 1.73 C 
