bb0 = 0.0514109 C 
bb1 = -0.000147606 C 
bb2 = 1.6319e-07 C 
T0 = 0.019209 C 
T1 = 0.00026055 C 
T2 = -2.06526e-07 C 
n0 = 1.32909 C 
n1 = -0.000461318 C 
n2 = 1.07539e-06 C 
m = 54.47 C 
ndue = 1.73 C 
